Generation No_samples
0 46
11 4
14 13
17 9
19 5
20 2
21 6
22 3
23 8
24 3
27 10
28 3
29 3
30 12
31 2
32 4
33 4
34 7
36 3
37 4
38 2
39 3
40 3
41 8
42 2
43 76
44 7
45 5
46 3
47 5
48 45
49 4
50 18
51 3
52 95
53 3
55 8
56 2
59 4
61 2
62 4
63 26
64 5
65 9
66 13
68 5
69 5
70 9
71 5
72 5
73 24
74 12
75 7
76 20
77 18
78 47
79 84
80 104
81 21
82 13
83 12
84 7
85 8
86 9
87 10
88 9
89 8
90 17
91 15
92 23
93 29
94 8
95 4
96 5
97 8
98 10
100 11
101 8
102 6
103 2
104 8
105 4
106 4
107 9
108 8
109 21
110 9
111 27
112 4
113 7
114 8
115 7
116 7
117 13
118 11
119 10
120 2
121 15
122 11
123 13
124 6
125 6
126 8
127 4
128 5
129 27
130 13
131 8
132 12
133 17
134 50
135 44
136 23
137 54
138 28
139 52
140 28
141 40
142 17
143 40
144 24
145 23
146 16
147 11
148 24
149 28
150 31
151 25
152 44
153 7
154 20
155 34
156 6
157 6
158 6
159 12
160 10
161 11
162 4
163 15
164 4
165 5
166 13
167 5
168 9
169 10
170 34
171 3
172 9
173 12
174 6
175 15
176 13
177 18
178 2
179 6
180 12
182 9
183 9
184 27
185 16
186 3
188 3
189 3
191 4
192 7
193 27
194 5
195 10
196 12
197 28
198 10
199 9
200 15
201 12
202 7
203 4
204 12
205 7
206 3
207 3
208 4
209 12
213 34
215 3
216 34
217 11
218 9
219 3
220 2
221 6
223 2
224 2
225 2
226 3
227 5
228 3
229 5
230 19
231 2
232 3
233 2
234 9
235 4
236 3
237 4
238 3
239 6
241 2
243 4
244 2
246 2
248 4
249 8
250 4
251 9
252 23
253 12
254 18
255 12
256 5
257 8
258 2
260 2
263 6
268 2
269 2
270 10
271 4
272 6
274 2
275 3
276 6
281 2
282 6
284 3
